,Assignment,w1,w2,ref_w1,ref_w2,MatchingProbability,CSPProbability
0,?-?,129.278,8.925,129.364,8.93,0.98683965,-0.0028133496038824646
1,?-?,119.343,8.297,119.296,8.285,0.956138,-7.004889395645364e-06
2,?-?,123.25,9.0,123.293,9.004,0.9978045,-0.6631495138974497
3,?-?,121.845,8.778,121.842,8.773,0.9999975,-2.200311224171701
4,?-?,118.769,9.541,118.794,9.541,0.9999975,-76.94746677879617
5,?-?,110.36,8.877,110.355,8.878,0.9999975,-2466.106107715827
6,?-?,121.394,9.367,121.406,9.364,0.9999975,-24.106954854469286
7,?-?,122.202,8.651,122.218,8.65,0.9999975,-262.72449449651026
8,?-?,115.427,7.375,115.449,7.377,0.9999975,-35.36247009325034
9,?-?,121.011,7.993,121.035,7.993,0.9999975,-92.13834191335144
10,?-?,112.214,8.369,112.194,8.366,0.9999975,-14.313746710824152
11,?-?,120.574,8.386,120.61,8.391,0.9978045,-0.45672924659858083
12,?-?,123.218,8.793,123.198,8.792,0.9999975,-125.66598831649969
13,?-?,116.309,8.739,116.306,8.738,0.9978045,-3300.3995352026095
14,?-?,112.824,8.077,112.843,8.078,0.9999975,-150.02448257228315
15,?-?,111.468,7.984,111.463,7.984,0.9978045,-75264.50626606507
16,?-?,120.02,7.127,120.03,7.127,0.9999975,-3964.1977108959977
17,?-?,123.684,8.571,123.685,8.575,0.9999975,-8.484982396277319
18,?-?,120.37,9.155,120.356,9.155,0.9978045,-945.4122964494468
19,?-?,119.729,7.616,119.736,7.615,0.9999975,-1696.6498472464598
20,?-?,126.602,9.378,126.605,9.378,0.9999975,-657822.5274795643
21,?-?,122.866,10.151,122.869,10.155,0.9978045,-8.3753400714983
22,?-?,127.066,8.393,127.107,8.396,0.99561155,-1.9898679975926852
23,?-?,121.11,8.856,121.121,8.85,0.9978045,-0.4936372953376118
24,?-?,110.67,8.715,110.677,8.713,0.9999975,-158.8896930263375
25,?-?,122.306,8.685,122.317,8.684,0.9999975,-731.4646790086906
26,?-?,118.528,8.086,118.537,8.082,0.9978045,-7.4617703546346235
27,?-?,118.344,7.53,118.349,7.534,0.9978045,-8.161171139968168
28,?-?,123.687,8.275,123.724,8.276,0.9999975,-10.577889208435728
29,?-?,124.794,7.682,124.796,7.669,0.9342083,-5.317268565896427e-06
30,?-?,128.295,9.555,128.303,9.555,0.9999975,-10232.731031035344
31,?-?,116.719,9.105,116.707,9.106,0.9999975,-591.7857185842947
32,?-?,132.567,9.547,132.605,9.545,0.9999975,-5.794218037593202
33,?-?,121.904,8.822,121.916,8.822,0.9999975,-1824.6156802626695
34,?-?,123.912,8.415,123.927,8.412,0.9999975,-20.23336062169454
35,?-?,119.481,7.359,119.449,7.345,0.91885746,-1.5457877822200317e-07
36,?-?,121.318,8.487,121.279,8.486,0.9999975,-8.214084909036401
37,?-?,112.394,8.264,112.399,8.261,0.9999975,-31.882173898024647
38,?-?,122.338,8.445,122.36,8.445,0.9999975,-134.91653596557597
39,?-?,123.007,8.555,123.08,8.549,0.99561155,-0.0063128484917669425
40,?-?,120.667,8.611,120.652,8.615,0.9999975,-5.964573549910638
41,?-?,116.77,8.486,116.74,8.485,0.9978045,-26.64239928976056
42,?-?,119.711,7.542,119.718,7.537,0.9999975,-2.080531776777709
43,?-?,123.682,8.338,123.706,8.336,0.9999975,-28.181043577885987
44,?-?,118.797,9.969,118.802,9.968,0.9999975,-2466.10610770986
45,?-?,125.008,10.502,124.998,10.501,0.9999975,-905.4829671522997
46,?-?,110.897,8.232,110.908,8.227,0.9999975,-1.882637418108172
47,?-?,119.493,8.88,119.511,8.878,0.9999975,-55.487421741111845
48,?-?,116.054,7.506,116.057,7.505,0.9999975,-3300.3995352140496
49,?-?,118.063,8.438,118.068,8.437,0.9999975,-2466.10610770091
50,?-?,116.484,6.783,116.468,6.79,0.99561155,-0.13328919482940726
51,?-?,122.26,9.124,122.276,9.125,0.9999975,-262.72449449723473
52,?-?,116.37,9.12,116.359,9.121,0.9978045,-731.4646790064772
53,?-?,117.867,8.756,117.886,8.757,0.9978045,-150.02448257266582
54,?-?,124.73,8.544,124.731,8.542,0.9999975,-203.09473549196554
55,?-?,126.978,8.136,126.979,8.136,0.9999975,-69640022.62282294
56,?-?,128.745,9.252,128.763,9.253,0.9999975,-179.95616224275145
57,?-?,110.337,8.484,110.33,8.483,0.9999975,-1696.6498472464598
58,?-?,120.817,7.638,120.906,7.64,0.9978045,-0.010407006547524134
59,?-?,120.94,8.763,120.95,8.759,0.9999975,-7.24090276954214
60,?-?,127.948,8.826,127.928,8.825,0.9999975,-125.66598831661675
61,?-?,127.374,9.667,127.395,9.668,0.9999975,-105.74780953653693
62,?-?,124.79,9.119,124.843,9.119,0.99561155,-1.4585027713510215
63,?-?,122.884,8.1,122.834,8.095,0.9978045,-0.1518263225865102
64,?-?,117.71,8.356,117.732,8.357,0.9999975,-89.38154479676409
65,?-?,115.309,7.727,115.292,7.729,0.9999975,-61.97504539028139
66,?-?,117.333,7.213,117.287,7.207,0.99561155,-0.08438512985160607
67,?-?,117.596,7.187,117.531,7.173,0.84210336,-6.831765375636678e-09
68,?-?,120.384,8.23,120.374,8.229,0.9999975,-905.4829671495512
69,?-?,119.165,7.801,119.133,7.799,0.9978045,-11.436552686399843
70,?-?,123.179,7.541,123.201,7.529,0.9671029,-3.450729568132971e-05
71,?-?,123.66,9.102,123.616,9.106,0.9978045,-0.60195207296172
72,?-?,122.627,8.179,122.624,8.175,0.9999975,-8.3753400714983
73,?-?,115.337,7.911,115.332,7.908,0.9999975,-31.882173898055523
74,?-?,117.459,7.847,117.475,7.85,0.9978045,-18.97346188717292
75,?-?,118.644,7.39,118.643,7.388,0.9999975,-203.09473549232416
76,?-?,128.014,9.782,128.02,9.783,0.9999975,-2060.8072164643527
77,?-?,121.891,10.34,121.886,10.338,0.9999975,-179.03816099861925
78,?-?,128.729,9.335,128.735,9.334,0.9999975,-2060.8072164528903
79,?-?,134.765,9.213,134.772,9.212,0.9999975,-1696.6498472464598
80,?-?,127.448,8.468,127.459,8.468,0.9999975,-2642.8365890627615
81,?-?,126.584,8.642,126.611,8.642,0.9978045,-54.639850257648185
82,?-?,127.575,9.284,127.58,9.285,0.9999975,-2466.106107715827
83,?-?,120.48,8.035,120.477,8.033,0.9999975,-194.58261234408312
84,?-?,121.634,9.428,121.647,9.425,0.9999975,-22.81140844694607
85,?-?,118.475,8.733,118.481,8.733,0.9999975,-34713.08245797128
86,?-?,127.054,8.775,127.044,8.774,0.9999975,-905.4829671495512
87,?-?,122.866,9.097,122.858,9.095,0.9999975,-147.91972711136626
88,?-?,129.393,8.073,129.404,8.073,0.9999975,-2642.836589077292
89,?-?,117.992,7.834,118.004,7.836,0.9999975,-104.4723914713051
90,?-?,117.692,7.327,117.704,7.328,0.9999975,-591.785718583372
91,?-?,114.697,10.075,114.697,10.071,0.9999975,-8.4988102093595
92,?-?,129.803,10.007,129.794,10.003,0.9999975,-7.46177035463765
93,?-?,120.239,9.381,120.231,9.381,0.9999975,-10232.731031035344
94,?-?,123.322,8.945,123.325,8.945,0.9999975,-657822.5274795643
95,?-?,110.746,8.965,110.774,8.971,0.9999975,-0.2594667116138041
96,?-?,114.82,9.556,114.844,9.552,0.9999975,-3.5415007476950437
97,?-?,121.904,8.117,121.913,8.116,0.9999975,-1120.5700960275553
98,?-?,114.854,8.009,114.848,8.008,0.9999975,-2060.8072164528903
99,?-?,118.717,8.836,118.727,8.833,0.9999975,-26.642399289769312
100,?-?,126.53,7.981,126.556,7.986,0.99561155,-0.9129700318532965
101,?-?,115.852,9.269,115.86,9.267,0.9999975,-147.91972711087286
102,?-?,111.77,8.774,111.764,8.773,0.9999975,-2060.8072164643527
103,?-?,125.445,8.388,125.426,8.38,0.9978045,-0.03659497550353752
104,?-?,112.356,8.635,112.361,8.634,0.9999975,-2466.10610770986
105,?-?,110.162,8.136,110.172,8.135,0.9999975,-905.4829671557358
106,?-?,120.233,7.785,120.225,7.785,0.9999975,-10232.731031035344
107,?-?,121.679,6.958,121.633,6.958,0.9999975,-3.865136391756884
108,?-?,110.667,9.522,110.667,9.519,0.9999975,-33.944458241677516
109,?-?,121.467,8.647,121.464,8.644,0.9999975,-33.18130866007486
110,?-?,124.573,8.394,124.578,8.382,0.9671029,-5.246126025060249e-05
111,?-?,124.436,8.72,124.44,8.721,0.9999975,-2891.1155766107404
112,?-?,123.617,7.998,123.629,7.998,0.51315725,-1824.6156802626695
113,?-?,123.617,7.998,123.629,7.998,0.5153502,-1824.6156802626695
