,Assignment,w1,w2,ref_w1,ref_w2,MatchingProbability,CSPProbability
0,?-?,129.278,8.925,129.364,8.93,0.978069,-0.0023457511004725262
1,?-?,119.343,8.297,119.296,8.285,0.97368306,-4.046670882829062e-06
2,?-?,123.25,9.0,123.293,9.004,0.99999875,-1.3380955823103555
3,?-?,121.845,8.778,121.842,8.773,0.99999875,-3.690332018058331
4,?-?,118.769,9.541,118.794,9.541,0.99999875,-60.47993043368729
5,?-?,110.36,8.877,110.355,8.878,0.99999875,-1035.6554382232077
6,?-?,121.394,9.367,121.406,9.364,0.99999875,-23.557782351137902
7,?-?,122.202,8.651,122.218,8.65,0.99999875,-165.3344908703061
8,?-?,115.427,7.375,115.449,7.377,0.99999875,-32.11206780836869
9,?-?,121.011,7.993,121.035,7.993,0.99999875,-70.07613507996925
10,?-?,112.214,8.369,112.194,8.366,0.99999875,-15.513817933796684
11,?-?,120.574,8.386,120.61,8.391,0.99999875,-0.9124025163969103
12,?-?,123.218,8.793,123.198,8.792,0.99999875,-90.33796586082198
13,?-?,116.309,8.739,116.306,8.738,0.99999875,-1314.4936707924082
14,?-?,112.824,8.077,112.843,8.078,0.99999875,-104.44701892282077
15,?-?,111.468,7.984,111.463,7.984,0.99999875,-16912.9639790327
16,?-?,120.02,7.127,120.03,7.127,0.99999875,-1527.0644725569812
17,?-?,123.684,8.571,123.685,8.575,0.99999875,-10.269261232375104
18,?-?,120.37,9.155,120.356,9.155,0.99999875,-472.3526876743343
19,?-?,119.729,7.616,119.736,7.615,0.99999875,-762.5588193064044
20,?-?,126.602,9.378,126.605,9.378,0.99999875,-99225.09868164548
21,?-?,122.866,10.151,122.869,10.155,0.99999875,-10.165551568041225
22,?-?,127.066,8.393,127.107,8.396,0.99999875,-3.4184751471847767
23,?-?,121.11,8.856,121.121,8.85,0.99999875,-0.9911740649524061
24,?-?,110.67,8.715,110.677,8.713,0.99999875,-109.47773044252601
25,?-?,122.306,8.685,122.317,8.684,0.99999875,-382.7866994889138
26,?-?,118.528,8.086,118.537,8.082,0.99999875,-9.291950619171772
27,?-?,118.344,7.53,118.349,7.534,0.99999875,-9.962292561303798
28,?-?,123.687,8.275,123.724,8.276,0.99999875,-12.208205083281156
29,?-?,124.794,7.682,124.796,7.669,0.9692971,-3.0392229906084367e-06
30,?-?,128.295,9.555,128.303,9.555,0.99999875,-3315.274747423606
31,?-?,116.719,9.105,116.707,9.106,0.99999875,-321.7542939608823
32,?-?,132.567,9.547,132.605,9.545,0.99999875,-7.646810984974733
33,?-?,121.904,8.822,121.916,8.822,0.99999875,-809.3310870832482
34,?-?,123.912,8.415,123.927,8.412,0.99999875,-20.461251632217518
35,?-?,119.481,7.359,119.449,7.345,0.9517533,-7.881903041351279e-08
36,?-?,121.318,8.487,121.279,8.486,0.99999875,-10.012595412894074
37,?-?,112.394,8.264,112.399,8.261,0.99999875,-29.5264344976444
38,?-?,122.338,8.445,122.36,8.445,0.99999875,-95.74888559071711
39,?-?,123.007,8.555,123.08,8.549,0.9956128,-0.005751771453544663
40,?-?,120.667,8.611,120.652,8.615,0.99999875,-7.818343949023156
41,?-?,116.77,8.486,116.74,8.485,0.99999875,-25.536817045480426
42,?-?,119.711,7.542,119.718,7.537,0.9956128,-3.5367298001350367
43,?-?,123.682,8.338,123.706,8.336,0.99999875,-26.721570001739703
44,?-?,118.797,9.969,118.802,9.968,0.99999875,-1035.6554382211568
45,?-?,125.008,10.502,124.998,10.501,0.9956128,-455.94353008742576
46,?-?,110.897,8.232,110.908,8.227,0.99999875,-3.2761708971450996
47,?-?,119.493,8.88,119.511,8.878,0.99999875,-46.31677485157854
48,?-?,116.054,7.506,116.057,7.505,0.99999875,-1314.4936707961358
49,?-?,118.063,8.438,118.068,8.437,0.99999875,-1035.6554382180814
50,?-?,116.484,6.783,116.468,6.79,0.99122685,-0.2124902436815148
51,?-?,122.26,9.124,122.276,9.125,0.99999875,-165.33449087067996
52,?-?,116.37,9.12,116.359,9.121,0.99999875,-382.78669948796454
53,?-?,117.867,8.756,117.886,8.757,0.99999875,-104.44701892303908
54,?-?,124.73,8.544,124.731,8.542,0.99999875,-133.8748595588831
55,?-?,126.978,8.136,126.979,8.136,0.99999875,-1093971.1169756849
56,?-?,128.745,9.252,128.763,9.253,0.99999875,-121.23790515716794
57,?-?,110.337,8.484,110.33,8.483,0.99999875,-762.5588193064044
58,?-?,120.817,7.638,120.906,7.64,0.9956128,-0.010113637240053208
59,?-?,120.94,8.763,120.95,8.759,0.99999875,-9.078046580954263
60,?-?,127.948,8.826,127.928,8.825,0.99999875,-90.33796586089089
61,?-?,127.374,9.667,127.395,9.668,0.99999875,-78.43631436262
62,?-?,124.79,9.119,124.843,9.119,0.99999875,-2.681337390638724
63,?-?,122.884,8.1,122.834,8.095,0.99999875,-0.2496469187257011
64,?-?,117.71,8.356,117.732,8.357,0.99999875,-68.35683463119278
65,?-?,115.309,7.727,115.292,7.729,0.99999875,-50.686463267722424
66,?-?,117.333,7.213,117.287,7.207,0.9868409,-0.12067226362409578
67,?-?,117.596,7.187,117.531,7.173,0.91666573,-3.225689049202174e-09
68,?-?,120.384,8.23,120.374,8.229,0.99999875,-455.9435300862917
69,?-?,119.165,7.801,119.133,7.799,0.99999875,-12.983841286691664
70,?-?,123.179,7.541,123.201,7.529,0.97368306,-2.1349259574421353e-05
71,?-?,123.66,9.102,123.616,9.106,0.99999875,-1.2157686139501136
72,?-?,122.627,8.179,122.624,8.175,0.9956128,-10.165551568041225
73,?-?,115.337,7.911,115.332,7.908,0.99999875,-29.526434497667562
74,?-?,117.459,7.847,117.475,7.85,0.99999875,-19.432361618561185
75,?-?,118.644,7.39,118.643,7.388,0.99999875,-133.87485955907687
76,?-?,128.014,9.782,128.02,9.783,0.99999875,-894.1295690968462
77,?-?,121.891,10.34,121.886,10.338,0.99999875,-120.73076497961361
78,?-?,128.729,9.335,128.735,9.334,0.99999875,-894.1295690927757
79,?-?,134.765,9.213,134.772,9.212,0.99999875,-762.5588193064044
80,?-?,127.448,8.468,127.459,8.468,0.99999875,-1096.0026342877907
81,?-?,126.584,8.642,126.611,8.642,0.99999875,-45.739438716108445
82,?-?,127.575,9.284,127.58,9.285,0.99999875,-1035.6554382232077
83,?-?,120.48,8.035,120.477,8.033,0.99999875,-129.25758969937084
84,?-?,121.634,9.428,121.647,9.425,0.99999875,-22.532587219871193
85,?-?,118.475,8.733,118.481,8.733,0.99999875,-8991.433870463121
86,?-?,127.054,8.775,127.044,8.774,0.99999875,-455.9435300862917
87,?-?,122.866,9.097,122.858,9.095,0.99999875,-103.24495136027558
88,?-?,129.393,8.073,129.404,8.073,0.99999875,-1096.0026342927215
89,?-?,117.992,7.834,118.004,7.836,0.99999875,-77.66131401358685
90,?-?,117.692,7.327,117.704,7.328,0.99999875,-321.75429396047093
91,?-?,114.697,10.075,114.697,10.071,0.99999875,-10.28232438585055
92,?-?,129.803,10.007,129.794,10.003,0.99999875,-9.291950619174695
93,?-?,120.239,9.381,120.231,9.381,0.99999875,-3315.274747423606
94,?-?,123.322,8.945,123.325,8.945,0.99999875,-99225.09868164548
95,?-?,110.746,8.965,110.774,8.971,0.99999875,-0.47946981180190296
96,?-?,114.82,9.556,114.844,9.552,0.99999875,-5.272272523068548
97,?-?,121.904,8.117,121.913,8.116,0.99999875,-542.9260584841564
98,?-?,114.854,8.009,114.848,8.008,0.99999875,-894.1295690927757
99,?-?,118.717,8.836,118.727,8.833,0.99999875,-25.536817045487208
100,?-?,126.53,7.981,126.556,7.986,0.9868409,-1.8045927846091034
101,?-?,115.852,9.269,115.86,9.267,0.99999875,-103.2449513599934
102,?-?,111.77,8.774,111.764,8.773,0.99999875,-894.1295690968462
103,?-?,125.445,8.388,125.426,8.38,0.9956128,-0.0437270860992971
104,?-?,112.356,8.635,112.361,8.634,0.99999875,-1035.6554382211568
105,?-?,110.162,8.136,110.172,8.135,0.99999875,-455.94353008884343
106,?-?,120.233,7.785,120.225,7.785,0.99999875,-3315.274747423606
107,?-?,121.679,6.958,121.633,6.958,0.99999875,-5.629002037482576
108,?-?,110.667,9.522,110.667,9.519,0.99999875,-31.06423141379589
109,?-?,121.467,8.647,121.464,8.644,0.9956128,-30.497134482461014
110,?-?,124.573,8.394,124.578,8.382,0.96491116,-3.3124468235001814e-05
111,?-?,124.436,8.72,124.44,8.721,0.99999875,-1179.55289651119
112,?-?,123.617,7.998,123.629,7.998,0.5394742,-809.3310870832482
113,?-?,123.617,7.998,123.629,7.998,0.5394742,-809.3310870832482
